NACA 9412 Airfoil M=9.0% P=40.0% T=12.0%
  1.000362  0.001207
  0.998882  0.001876
  0.994448  0.003870
  0.987080  0.007150
  0.976812  0.011653
  0.963692  0.017292
  0.947781  0.023959
  0.929157  0.031529
  0.907912  0.039859
  0.884152  0.048798
  0.858000  0.058182
  0.829596  0.067843
  0.799092  0.077610
  0.766657  0.087314
  0.732475  0.096786
  0.696744  0.105865
  0.659674  0.114396
  0.621488  0.122237
  0.582423  0.129256
  0.542723  0.135335
  0.502644  0.140374
  0.462448  0.144292
  0.422405  0.147026
  0.382175  0.148442
  0.341845  0.147792
  0.302525  0.144992
  0.264540  0.140175
  0.228203  0.133517
  0.193807  0.125241
  0.161621  0.115603
  0.131886  0.104884
  0.104809  0.093383
  0.080568  0.081406
  0.059307  0.069253
  0.041140  0.057215
  0.026151  0.045560
  0.014395  0.034528
  0.005904  0.024319
  0.000686  0.015095
 -0.001272  0.006967
  0.000000  0.000000
  0.004354 -0.005583
  0.011626 -0.009597
  0.021726 -0.012100
  0.034549 -0.013177
  0.049970 -0.012936
  0.067853 -0.011509
  0.088052 -0.009048
  0.110415 -0.005722
  0.134785 -0.001711
  0.161008  0.002790
  0.188930  0.007583
  0.218407  0.012465
  0.249298  0.017231
  0.281469  0.021682
  0.314792  0.025621
  0.349138  0.028866
  0.384380  0.031244
  0.421160  0.032737
  0.459093  0.033862
  0.497356  0.034626
  0.535736  0.034973
  0.574012  0.034864
  0.611957  0.034278
  0.649343  0.033216
  0.685940  0.031695
  0.721515  0.029751
  0.755842  0.027436
  0.788694  0.024814
  0.819852  0.021962
  0.849106  0.018963
  0.876254  0.015905
  0.901105  0.012876
  0.923483  0.009965
  0.943225  0.007254
  0.960188  0.004820
  0.974244  0.002730
  0.985290  0.001043
  0.993241 -0.000195
  0.998036 -0.000952
  0.999638 -0.001207