NACA 3412 Airfoil M=3.0% P=40.0% T=12.0%
  1.000125  0.001254
  0.998605  0.001623
  0.994053  0.002723
  0.986494  0.004532
  0.975972  0.007019
  0.962544  0.010135
  0.946287  0.013824
  0.927294  0.018022
  0.905674  0.022655
  0.881552  0.027644
  0.855069  0.032908
  0.826380  0.038361
  0.795655  0.043918
  0.763078  0.049493
  0.728843  0.055002
  0.693159  0.060359
  0.656243  0.065483
  0.618319  0.070294
  0.579624  0.074715
  0.540396  0.078674
  0.500882  0.082100
  0.461330  0.084930
  0.421990  0.087108
  0.382910  0.088556
  0.344274  0.089005
  0.306604  0.088400
  0.270158  0.086756
  0.235184  0.084109
  0.201922  0.080513
  0.170598  0.076044
  0.141422  0.070791
  0.114587  0.064860
  0.090267  0.058366
  0.068614  0.051431
  0.049760  0.044179
  0.033813  0.036730
  0.020861  0.029199
  0.010969  0.021685
  0.004183  0.014275
  0.000525  0.007032
  0.000000  0.000000
  0.002558 -0.006570
  0.008129 -0.012442
  0.016661 -0.017612
  0.028082 -0.022082
  0.042308 -0.025855
  0.059234 -0.028943
  0.078746 -0.031362
  0.100716 -0.033138
  0.125007 -0.034302
  0.151471 -0.034899
  0.179954 -0.034981
  0.210293 -0.034611
  0.242317 -0.033859
  0.275852 -0.032804
  0.310712 -0.031529
  0.346709 -0.030119
  0.383645 -0.028661
  0.421575 -0.027187
  0.460211 -0.025546
  0.499118 -0.023766
  0.538063 -0.021904
  0.576810 -0.020009
  0.615126 -0.018122
  0.652774 -0.016279
  0.689524 -0.014505
  0.725147 -0.012823
  0.759421 -0.011244
  0.792130 -0.009777
  0.823068 -0.008426
  0.852038 -0.007193
  0.878854 -0.006076
  0.903343 -0.005076
  0.925346 -0.004191
  0.944719 -0.003420
  0.961336 -0.002764
  0.975085 -0.002224
  0.985876 -0.001801
  0.993635 -0.001498
  0.998312 -0.001315
  0.999875 -0.001254