NACA 1412 Airfoil M=1.0% P=40.0% T=12.0%
  1.000000 -0.000000
  0.999754  0.000044
  0.999018  0.000176
  0.997792  0.000396
  0.996076  0.000702
  0.993874  0.001095
  0.991186  0.001572
  0.988015  0.002133
  0.984365  0.002776
  0.980239  0.003498
  0.975640  0.004299
  0.970574  0.005175
  0.965045  0.006124
  0.959058  0.007143
  0.952619  0.008230
  0.945735  0.009381
  0.938412  0.010594
  0.930656  0.011866
  0.922476  0.013192
  0.913880  0.014570
  0.904875  0.015996
  0.895470  0.017466
  0.885675  0.018977
  0.875499  0.020525
  0.864951  0.022107
  0.854043  0.023718
  0.842784  0.025355
  0.831186  0.027015
  0.819260  0.028693
  0.807017  0.030385
  0.794470  0.032089
  0.781631  0.033799
  0.768512  0.035512
  0.755126  0.037225
  0.741486  0.038934
  0.727606  0.040635
  0.713499  0.042323
  0.699179  0.043996
  0.684660  0.045650
  0.669957  0.047280
  0.655084  0.048883
  0.640055  0.050455
  0.624886  0.051992
  0.609591  0.053491
  0.594186  0.054947
  0.578685  0.056358
  0.563104  0.057718
  0.547460  0.059024
  0.531766  0.060273
  0.516039  0.061460
  0.500294  0.062583
  0.484547  0.063637
  0.468813  0.064618
  0.453109  0.065524
  0.437450  0.066351
  0.421852  0.067095
  0.406330  0.067754
  0.390862  0.068321
  0.375476  0.068781
  0.360212  0.069132
  0.345086  0.069370
  0.330113  0.069494
  0.315308  0.069502
  0.300687  0.069394
  0.286264  0.069169
  0.272055  0.068826
  0.258074  0.068364
  0.244334  0.067785
  0.230851  0.067088
  0.217638  0.066274
  0.204709  0.065345
  0.192076  0.064303
  0.179753  0.063148
  0.167752  0.061884
  0.156086  0.060513
  0.144765  0.059038
  0.133802  0.057462
  0.123208  0.055788
  0.112992  0.054021
  0.103167  0.052163
  0.093740  0.050220
  0.084722  0.048196
  0.076121  0.046094
  0.067947  0.043919
  0.060206  0.041677
  0.052906  0.039371
  0.046055  0.037007
  0.039659  0.034588
  0.033723  0.032120
  0.028255  0.029606
  0.023258  0.027051
  0.018737  0.024459
  0.014697  0.021834
  0.011140  0.019179
  0.008071  0.016497
  0.005492  0.013792
  0.003404  0.011067
  0.001811  0.008323
  0.000712  0.005563
  0.000108  0.002788
  0.000000  0.000000
  0.000385 -0.002764
  0.001262 -0.005465
  0.002627 -0.008102
  0.004481 -0.010675
  0.006820 -0.013182
  0.009642 -0.015621
  0.012943 -0.017993
  0.016720 -0.020294
  0.020969 -0.022523
  0.025686 -0.024679
  0.030865 -0.026759
  0.036500 -0.028763
  0.042587 -0.030687
  0.049118 -0.032531
  0.056087 -0.034293
  0.063488 -0.035971
  0.071311 -0.037563
  0.079551 -0.039067
  0.088197 -0.040484
  0.097243 -0.041811
  0.106678 -0.043047
  0.116494 -0.044192
  0.126681 -0.045245
  0.137229 -0.046206
  0.148128 -0.047074
  0.159367 -0.047850
  0.170936 -0.048534
  0.182823 -0.049128
  0.195017 -0.049631
  0.207506 -0.050045
  0.220278 -0.050371
  0.233322 -0.050612
  0.246624 -0.050769
  0.260173 -0.050845
  0.273955 -0.050842
  0.287957 -0.050762
  0.302165 -0.050609
  0.316568 -0.050386
  0.331150 -0.050095
  0.345897 -0.049741
  0.360797 -0.049327
  0.375834 -0.048855
  0.390995 -0.048331
  0.406289 -0.047756
  0.421714 -0.047121
  0.437216 -0.046428
  0.452782 -0.045680
  0.468396 -0.044880
  0.484043 -0.044031
  0.499706 -0.043138
  0.515372 -0.042204
  0.531025 -0.041232
  0.546649 -0.040226
  0.562229 -0.039188
  0.577750 -0.038122
  0.593196 -0.037032
  0.608552 -0.035919
  0.623804 -0.034788
  0.638936 -0.033641
  0.653933 -0.032481
  0.668781 -0.031311
  0.683464 -0.030133
  0.697969 -0.028949
  0.712281 -0.027762
  0.726385 -0.026575
  0.740268 -0.025390
  0.753916 -0.024208
  0.767315 -0.023032
  0.780453 -0.021865
  0.793315 -0.020708
  0.805890 -0.019563
  0.818164 -0.018433
  0.830126 -0.017318
  0.841763 -0.016222
  0.853064 -0.015146
  0.864017 -0.014093
  0.874612 -0.013063
  0.884838 -0.012059
  0.894685 -0.011083
  0.904142 -0.010136
  0.913201 -0.009221
  0.921852 -0.008339
  0.930086 -0.007493
  0.937895 -0.006684
  0.945272 -0.005913
  0.952208 -0.005183
  0.958697 -0.004495
  0.964732 -0.003851
  0.970307 -0.003252
  0.975416 -0.002700
  0.980055 -0.002197
  0.984218 -0.001742
  0.987902 -0.001338
  0.991102 -0.000986
  0.993815 -0.000687
  0.996038 -0.000440
  0.997770 -0.000248
  0.999009 -0.000110
  0.999752 -0.000028
  1.000000  0.000000