NACA 7412 Airfoil M=7.0% P=40.0% T=12.0%
  1.000286  0.001227
  0.998793  0.001797
  0.994321  0.003495
  0.986892  0.006289
  0.976542  0.010124
  0.963323  0.014927
  0.947300  0.020608
  0.928556  0.027059
  0.907187  0.034162
  0.883308  0.041789
  0.857046  0.049802
  0.828546  0.058062
  0.797966  0.066427
  0.765482  0.074752
  0.731280  0.082900
  0.695561  0.090733
  0.658539  0.098123
  0.620438  0.104948
  0.581493  0.111094
  0.541949  0.116460
  0.502057  0.120956
  0.462076  0.124507
  0.422267  0.127054
  0.382420  0.128481
  0.342653  0.128207
  0.303878  0.126159
  0.266395  0.122426
  0.230495  0.117137
  0.196454  0.110454
  0.164528  0.102568
  0.134949  0.093697
  0.107926  0.084070
  0.083636  0.073929
  0.062229  0.063516
  0.043828  0.053064
  0.028526  0.042793
  0.016389  0.032902
  0.007459  0.023561
  0.001756  0.014905
 -0.000723  0.007032
  0.000000  0.000000
  0.003805 -0.005955
  0.010555 -0.010629
  0.020171 -0.014057
  0.032555 -0.016296
  0.047595 -0.017419
  0.065165 -0.017515
  0.085130 -0.016690
  0.107347 -0.015064
  0.131668 -0.012769
  0.157944 -0.009950
  0.186024 -0.006757
  0.215761 -0.003349
  0.247006  0.000112
  0.279614  0.003462
  0.313438  0.006541
  0.348330  0.009193
  0.384135  0.011275
  0.421299  0.012762
  0.459465  0.014057
  0.497943  0.015155
  0.536510  0.016002
  0.574941  0.016555
  0.613008  0.016787
  0.650478  0.016686
  0.687123  0.016258
  0.722711  0.015518
  0.757017  0.014497
  0.789819  0.013237
  0.820902  0.011786
  0.850061  0.010199
  0.877098  0.008535
  0.901830  0.006854
  0.924084  0.005214
  0.943707  0.003669
  0.960557  0.002271
  0.974514  0.001063
  0.985478  0.000084
  0.993367 -0.000637
  0.998124 -0.001078
  0.999714 -0.001227