NACA 5412 Airfoil M=5.0% P=40.0% T=12.0%
  1.000207  0.001243
  0.998701  0.001713
  0.994189  0.003113
  0.986696  0.005417
  0.976261  0.008580
  0.962939  0.012542
  0.946800  0.017230
  0.927933  0.022558
  0.906440  0.028428
  0.882439  0.034738
  0.856067  0.041379
  0.827472  0.048236
  0.796819  0.055197
  0.764287  0.062146
  0.730067  0.068972
  0.694365  0.075565
  0.657394  0.081819
  0.619381  0.087633
  0.580560  0.092914
  0.541174  0.097573
  0.501470  0.101531
  0.461703  0.104720
  0.422129  0.107081
  0.382665  0.108519
  0.343463  0.108612
  0.305239  0.107295
  0.268269  0.104621
  0.232825  0.100669
  0.199164  0.095547
  0.167528  0.089386
  0.138138  0.082339
  0.111197  0.074571
  0.086882  0.066260
  0.065346  0.057588
  0.046715  0.048732
  0.031093  0.039864
  0.018555  0.031139
  0.009157  0.022694
  0.002928  0.014639
 -0.000120  0.007057
  0.000000  0.000000
  0.003203 -0.006288
  0.009383 -0.011585
  0.018473 -0.015906
  0.030388 -0.019278
  0.045028 -0.021739
  0.062278 -0.023340
  0.082014 -0.024141
  0.104101 -0.024214
  0.128397 -0.023642
  0.154755 -0.022519
  0.183024 -0.020949
  0.213051 -0.019043
  0.244676 -0.016919
  0.277740 -0.014700
  0.312078 -0.012510
  0.347520 -0.010469
  0.383890 -0.008694
  0.421437 -0.007213
  0.459838 -0.005746
  0.498530 -0.004309
  0.537286 -0.002957
  0.575874 -0.001736
  0.614064 -0.000680
  0.651623  0.000188
  0.688319  0.000857
  0.723923  0.001326
  0.758212  0.001603
  0.790966  0.001706
  0.821976  0.001655
  0.851040  0.001480
  0.877967  0.001207
  0.902577  0.000869
  0.924707  0.000494
  0.944206  0.000110
  0.960941 -0.000258
  0.974795 -0.000589
  0.985674 -0.000865
  0.993499 -0.001071
  0.998217 -0.001200
  0.999793 -0.001243