NACA 2418 Airfoil M=2.0% P=40.0% T=18.0%
  1.000126  0.001886
  0.998606  0.002312
  0.994054  0.003582
  0.986495  0.005673
  0.975973  0.008548
  0.962545  0.012154
  0.946289  0.016431
  0.927296  0.021305
  0.905677  0.026698
  0.881555  0.032524
  0.855071  0.038694
  0.826382  0.045117
  0.795657  0.051700
  0.763080  0.058348
  0.728845  0.064970
  0.693160  0.071469
  0.656243  0.077753
  0.618320  0.083727
  0.579624  0.089296
  0.540397  0.094368
  0.500882  0.098850
  0.461330  0.102654
  0.421990  0.105696
  0.382910  0.107878
  0.344274  0.108982
  0.306604  0.108933
  0.270156  0.107711
  0.235180  0.105316
  0.201916  0.101770
  0.170589  0.097120
  0.141409  0.091429
  0.114571  0.084784
  0.090248  0.077283
  0.068593  0.069040
  0.049738  0.060173
  0.033791  0.050802
  0.020841  0.041042
  0.010953  0.031001
  0.004171  0.020768
  0.000519  0.010418
  0.000000  0.000000
  0.002564 -0.010110
  0.008141 -0.019547
  0.016677 -0.028285
  0.028102 -0.036298
  0.042329 -0.043552
  0.059256 -0.050016
  0.078767 -0.055662
  0.100735 -0.060465
  0.125023 -0.064412
  0.151484 -0.067502
  0.179963 -0.069745
  0.210299 -0.071169
  0.242321 -0.071816
  0.275853 -0.071743
  0.310713 -0.071019
  0.346709 -0.069725
  0.383645 -0.067948
  0.421575 -0.065748
  0.460211 -0.063064
  0.499118 -0.059961
  0.538062 -0.056522
  0.576810 -0.052825
  0.615125 -0.048945
  0.652774 -0.044950
  0.689523 -0.040900
  0.725146 -0.036850
  0.759419 -0.032849
  0.792128 -0.028939
  0.823066 -0.025160
  0.852035 -0.021551
  0.878851 -0.018146
  0.903340 -0.014979
  0.925344 -0.012085
  0.944718 -0.009495
  0.961334 -0.007241
  0.975084 -0.005351
  0.985875 -0.003852
  0.993635 -0.002765
  0.998312 -0.002107
  0.999874 -0.001886