NACA 2401 Airfoil M=2.0% P=40.0% T=1.0%
  1.000000 -0.000000
  0.999753  0.000019
  0.999014  0.000078
  0.997783  0.000174
  0.996060  0.000310
  0.993849  0.000482
  0.991151  0.000692
  0.987968  0.000939
  0.984304  0.001221
  0.980162  0.001539
  0.975547  0.001889
  0.970463  0.002273
  0.964914  0.002687
  0.958907  0.003132
  0.952448  0.003605
  0.945542  0.004105
  0.938196  0.004630
  0.930418  0.005178
  0.922216  0.005749
  0.913597  0.006339
  0.904569  0.006947
  0.895143  0.007571
  0.885326  0.008210
  0.875129  0.008860
  0.864562  0.009521
  0.853635  0.010189
  0.842359  0.010864
  0.830744  0.011542
  0.818803  0.012222
  0.806547  0.012902
  0.793989  0.013579
  0.781140  0.014252
  0.768013  0.014918
  0.754621  0.015576
  0.740978  0.016223
  0.727097  0.016859
  0.712991  0.017480
  0.698675  0.018086
  0.684162  0.018674
  0.669467  0.019242
  0.654604  0.019791
  0.639589  0.020317
  0.624435  0.020819
  0.609158  0.021296
  0.593773  0.021748
  0.578295  0.022172
  0.562740  0.022567
  0.547122  0.022934
  0.531457  0.023270
  0.515761  0.023575
  0.500049  0.023849
  0.484337  0.024091
  0.468640  0.024301
  0.452973  0.024478
  0.437353  0.024622
  0.421794  0.024733
  0.406313  0.024811
  0.390917  0.024850
  0.375625  0.024827
  0.360456  0.024741
  0.345424  0.024591
  0.330545  0.024381
  0.315833  0.024111
  0.301303  0.023784
  0.286969  0.023403
  0.272847  0.022968
  0.258948  0.022484
  0.245289  0.021952
  0.231881  0.021377
  0.218739  0.020759
  0.205875  0.020104
  0.193302  0.019415
  0.181032  0.018694
  0.169079  0.017945
  0.157453  0.017172
  0.146167  0.016379
  0.135231  0.015568
  0.124656  0.014745
  0.114452  0.013913
  0.104630  0.013075
  0.095200  0.012236
  0.086171  0.011398
  0.077551  0.010566
  0.069349  0.009743
  0.061574  0.008933
  0.054232  0.008139
  0.047332  0.007365
  0.040879  0.006613
  0.034881  0.005886
  0.029343  0.005188
  0.024270  0.004521
  0.019668  0.003887
  0.015540  0.003289
  0.011892  0.002729
  0.008726  0.002209
  0.006046  0.001731
  0.003853  0.001295
  0.002151  0.000903
  0.000941  0.000556
  0.000224  0.000255
  0.000000  0.000000
  0.000270 -0.000206
  0.001032 -0.000359
  0.002287 -0.000461
  0.004032 -0.000510
  0.006266 -0.000509
  0.008987 -0.000458
  0.012191 -0.000357
  0.015876 -0.000209
  0.020039 -0.000015
  0.024673  0.000224
  0.029776  0.000506
  0.035342  0.000828
  0.041366  0.001189
  0.047841  0.001587
  0.054761  0.002018
  0.062119  0.002480
  0.069909  0.002970
  0.078121  0.003486
  0.086749  0.004025
  0.095783  0.004583
  0.105215  0.005157
  0.115035  0.005744
  0.125233  0.006341
  0.135801  0.006944
  0.146726  0.007549
  0.158000  0.008154
  0.169609  0.008755
  0.181544  0.009348
  0.193791  0.009930
  0.206340  0.010497
  0.219178  0.011046
  0.232292  0.011575
  0.245670  0.012078
  0.259298  0.012554
  0.273163  0.013000
  0.287251  0.013411
  0.301549  0.013786
  0.316043  0.014122
  0.330717  0.014416
  0.345559  0.014666
  0.360553  0.014869
  0.375685  0.015024
  0.390939  0.015129
  0.406306  0.015185
  0.421771  0.015215
  0.437314  0.015223
  0.452919  0.015211
  0.468570  0.015176
  0.484253  0.015119
  0.499951  0.015040
  0.515650  0.014937
  0.531334  0.014812
  0.546987  0.014664
  0.562594  0.014493
  0.578139  0.014299
  0.593608  0.014084
  0.608985  0.013847
  0.624255  0.013589
  0.639402  0.013310
  0.654413  0.013012
  0.669271  0.012695
  0.683963  0.012361
  0.698473  0.012009
  0.712788  0.011642
  0.726894  0.011261
  0.740775  0.010866
  0.754420  0.010459
  0.767814  0.010042
  0.780944  0.009616
  0.793796  0.009182
  0.806360  0.008742
  0.818621  0.008298
  0.830568  0.007851
  0.842188  0.007402
  0.853472  0.006954
  0.864407  0.006507
  0.874982  0.006064
  0.885187  0.005626
  0.895012  0.005195
  0.904448  0.004772
  0.913484  0.004359
  0.922112  0.003956
  0.930324  0.003567
  0.938110  0.003192
  0.945465  0.002832
  0.952379  0.002489
  0.958847  0.002163
  0.964862  0.001857
  0.970418  0.001571
  0.975510  0.001307
  0.980132  0.001065
  0.984279  0.000846
  0.987949  0.000650
  0.991137  0.000480
  0.993839  0.000334
  0.996054  0.000214
  0.997779  0.000121
  0.999013  0.000054
  0.999753  0.000013
  1.000000  0.000000