NACA 2406 Airfoil M=2.0% P=40.0% T=6.0%
  1.000000 -0.000000
  0.999754  0.000034
  0.999018  0.000137
  0.997792  0.000308
  0.996076  0.000547
  0.993874  0.000853
  0.991186  0.001225
  0.988015  0.001661
  0.984365  0.002161
  0.980238  0.002723
  0.975640  0.003345
  0.970574  0.004026
  0.965045  0.004762
  0.959058  0.005553
  0.952619  0.006395
  0.945735  0.007287
  0.938411  0.008224
  0.930656  0.009206
  0.922476  0.010229
  0.913879  0.011289
  0.904874  0.012385
  0.895470  0.013512
  0.885675  0.014669
  0.875498  0.015851
  0.864951  0.017055
  0.854043  0.018279
  0.842784  0.019518
  0.831186  0.020770
  0.819260  0.022032
  0.807017  0.023300
  0.794470  0.024570
  0.781630  0.025840
  0.768511  0.027107
  0.755125  0.028367
  0.741486  0.029617
  0.727605  0.030854
  0.713499  0.032075
  0.699179  0.033276
  0.684660  0.034456
  0.669957  0.035610
  0.655084  0.036736
  0.640055  0.037832
  0.624886  0.038894
  0.609591  0.039920
  0.594185  0.040907
  0.578685  0.041852
  0.563104  0.042753
  0.547460  0.043609
  0.531766  0.044415
  0.516039  0.045171
  0.500294  0.045874
  0.484547  0.046521
  0.468813  0.047112
  0.453109  0.047645
  0.437450  0.048117
  0.421852  0.048528
  0.406330  0.048875
  0.390862  0.049153
  0.375476  0.049335
  0.360212  0.049418
  0.345086  0.049404
  0.330113  0.049292
  0.315308  0.049084
  0.300687  0.048779
  0.286264  0.048381
  0.272055  0.047890
  0.258074  0.047308
  0.244335  0.046637
  0.230852  0.045881
  0.217639  0.045042
  0.204710  0.044123
  0.192078  0.043127
  0.179755  0.042058
  0.167754  0.040920
  0.156088  0.039717
  0.144768  0.038452
  0.133805  0.037131
  0.123211  0.035757
  0.112996  0.034335
  0.103170  0.032870
  0.093744  0.031367
  0.084726  0.029831
  0.076125  0.028265
  0.067951  0.026676
  0.060210  0.025067
  0.052910  0.023443
  0.046059  0.021810
  0.039663  0.020171
  0.033728  0.018531
  0.028259  0.016893
  0.023262  0.015262
  0.018741  0.013642
  0.014700  0.012036
  0.011143  0.010446
  0.008074  0.008877
  0.005494  0.007330
  0.003406  0.005808
  0.001812  0.004312
  0.000713  0.002845
  0.000109  0.001407
  0.000000  0.000000
  0.000385 -0.001358
  0.001261 -0.002648
  0.002626 -0.003870
  0.004479 -0.005023
  0.006817 -0.006108
  0.009639 -0.007125
  0.012940 -0.008074
  0.016717 -0.008956
  0.020966 -0.009770
  0.025682 -0.010518
  0.030860 -0.011200
  0.036496 -0.011816
  0.042582 -0.012369
  0.049114 -0.012859
  0.056083 -0.013286
  0.063483 -0.013654
  0.071307 -0.013962
  0.079547 -0.014212
  0.088194 -0.014407
  0.097239 -0.014549
  0.106675 -0.014638
  0.116491 -0.014678
  0.126678 -0.014671
  0.137227 -0.014619
  0.148126 -0.014524
  0.159365 -0.014391
  0.170934 -0.014221
  0.182821 -0.014017
  0.195015 -0.013783
  0.207504 -0.013521
  0.220277 -0.013236
  0.233321 -0.012930
  0.246624 -0.012606
  0.260172 -0.012269
  0.273954 -0.011921
  0.287956 -0.011567
  0.302165 -0.011209
  0.316567 -0.010850
  0.331149 -0.010495
  0.345897 -0.010147
  0.360797 -0.009808
  0.375834 -0.009483
  0.390995 -0.009173
  0.406289 -0.008880
  0.421714 -0.008580
  0.437216 -0.008272
  0.452782 -0.007956
  0.468396 -0.007635
  0.484043 -0.007311
  0.499706 -0.006985
  0.515372 -0.006658
  0.531025 -0.006333
  0.546649 -0.006011
  0.562229 -0.005693
  0.577750 -0.005381
  0.593196 -0.005075
  0.608552 -0.004776
  0.623804 -0.004486
  0.638936 -0.004205
  0.653933 -0.003934
  0.668781 -0.003672
  0.683465 -0.003421
  0.697969 -0.003181
  0.712281 -0.002952
  0.726385 -0.002734
  0.740268 -0.002528
  0.753916 -0.002332
  0.767315 -0.002147
  0.780453 -0.001973
  0.793315 -0.001809
  0.805890 -0.001656
  0.818164 -0.001512
  0.830126 -0.001377
  0.841763 -0.001252
  0.853064 -0.001135
  0.864018 -0.001027
  0.874613 -0.000926
  0.884839 -0.000832
  0.894685 -0.000746
  0.904143 -0.000666
  0.913201 -0.000592
  0.921852 -0.000524
  0.930086 -0.000461
  0.937895 -0.000403
  0.945272 -0.000350
  0.952208 -0.000302
  0.958697 -0.000258
  0.964732 -0.000218
  0.970307 -0.000182
  0.975417 -0.000149
  0.980055 -0.000120
  0.984218 -0.000094
  0.987902 -0.000072
  0.991102 -0.000053
  0.993815 -0.000036
  0.996038 -0.000023
  0.997770 -0.000013
  0.999009 -0.000006
  0.999752 -0.000001
  1.000000  0.000000