NACA 2424 Airfoil M=2.0% P=40.0% T=24.0%
  1.000168  0.002514
  0.998655  0.003048
  0.994123  0.004640
  0.986599  0.007261
  0.976121  0.010864
  0.962747  0.015387
  0.946551  0.020752
  0.927622  0.026871
  0.906066  0.033645
  0.882005  0.040969
  0.855577  0.048735
  0.826935  0.056830
  0.796245  0.065139
  0.763690  0.073548
  0.729462  0.081940
  0.693767  0.090198
  0.656822  0.098204
  0.618853  0.105839
  0.580093  0.112983
  0.540786  0.119516
  0.501176  0.125318
  0.461516  0.130273
  0.422059  0.134270
  0.382787  0.137183
  0.343868  0.138767
  0.305919  0.138926
  0.269206  0.137620
  0.233990  0.134838
  0.200519  0.130594
  0.169026  0.124930
  0.139730  0.117918
  0.112829  0.109650
  0.088501  0.100241
  0.066898  0.089824
  0.048152  0.078538
  0.032369  0.066527
  0.019631  0.053932
  0.009999  0.040882
  0.003510  0.027488
  0.000178  0.013840
  0.000000  0.000000
  0.002905 -0.013532
  0.008802 -0.026266
  0.017631 -0.038166
  0.029312 -0.049188
  0.043752 -0.059278
  0.060842 -0.068381
  0.080462 -0.076445
  0.102482 -0.083423
  0.126765 -0.089278
  0.153163 -0.093990
  0.181526 -0.097556
  0.211696 -0.099992
  0.243511 -0.101338
  0.276803 -0.101652
  0.311398 -0.101011
  0.347115 -0.099510
  0.383767 -0.097253
  0.421506 -0.094322
  0.460024 -0.090684
  0.498824 -0.086430
  0.537673 -0.081670
  0.576341 -0.076512
  0.614593 -0.071057
  0.652195 -0.065401
  0.688917 -0.059629
  0.724529 -0.053820
  0.758809 -0.048048
  0.791540 -0.042378
  0.822513 -0.036873
  0.851529 -0.031592
  0.878401 -0.026591
  0.902951 -0.021926
  0.925018 -0.017650
  0.944456 -0.013816
  0.961132 -0.010473
  0.974936 -0.007668
  0.985771 -0.005440
  0.993565 -0.003823
  0.998263 -0.002843
  0.999832 -0.002514