NACA 2430 Airfoil M=2.0% P=40.0% T=30.0%
  1.000210  0.003143
  0.998704  0.003785
  0.994193  0.005698
  0.986702  0.008848
  0.976269  0.013181
  0.962949  0.018619
  0.946813  0.025073
  0.927947  0.032436
  0.906455  0.040591
  0.882456  0.049414
  0.856083  0.058776
  0.827488  0.068543
  0.796834  0.078579
  0.764300  0.088747
  0.730078  0.098910
  0.694373  0.108926
  0.657400  0.118654
  0.619385  0.127951
  0.580562  0.136670
  0.541175  0.144664
  0.501470  0.151787
  0.461703  0.157893
  0.422129  0.162843
  0.382665  0.166487
  0.343462  0.168552
  0.305234  0.168918
  0.268257  0.167529
  0.232800  0.164360
  0.199122  0.159417
  0.167464  0.152741
  0.138051  0.144406
  0.111088  0.134516
  0.086753  0.123200
  0.065202  0.110608
  0.046565  0.096903
  0.030946  0.082253
  0.018421  0.066822
  0.009045  0.050763
  0.002848  0.034207
 -0.000163  0.017261
  0.000000  0.000000
  0.003245 -0.016953
  0.009464 -0.032985
  0.018585 -0.048047
  0.030522 -0.062078
  0.045175 -0.075003
  0.062428 -0.086746
  0.082158 -0.097229
  0.104230 -0.106381
  0.128506 -0.114144
  0.154842 -0.120478
  0.183088 -0.125366
  0.213093 -0.128815
  0.244701 -0.130860
  0.277753 -0.131561
  0.312083 -0.131003
  0.347521 -0.129294
  0.383890 -0.126557
  0.421437 -0.122896
  0.459838 -0.118303
  0.498530 -0.112898
  0.537284 -0.106818
  0.575872 -0.100199
  0.614060 -0.093169
  0.651617 -0.085851
  0.688310 -0.078357
  0.723912 -0.070790
  0.758199 -0.063248
  0.790952 -0.055818
  0.821960 -0.048586
  0.851023 -0.041633
  0.877950 -0.035036
  0.902562 -0.028872
  0.924693 -0.023215
  0.944194 -0.018137
  0.960931 -0.013706
  0.974788 -0.009984
  0.985668 -0.007028
  0.993495 -0.004881
  0.998214 -0.003579
  0.999790 -0.003143