NACA 2112 Airfoil M=2.0% P=10.0% T=12.0%
  1.000056  0.001259
  0.999811  0.001304
  0.999075  0.001441
  0.997851  0.001668
  0.996137  0.001985
  0.993938  0.002391
  0.991253  0.002885
  0.988087  0.003466
  0.984442  0.004132
  0.980321  0.004881
  0.975729  0.005711
  0.970669  0.006620
  0.965148  0.007607
  0.959169  0.008667
  0.952739  0.009799
  0.945864  0.010999
  0.938551  0.012265
  0.930806  0.013594
  0.922638  0.014982
  0.914053  0.016426
  0.905061  0.017922
  0.895669  0.019468
  0.885888  0.021060
  0.875726  0.022693
  0.865194  0.024366
  0.854301  0.026073
  0.843059  0.027811
  0.831477  0.029576
  0.819568  0.031366
  0.807343  0.033175
  0.794814  0.035001
  0.781993  0.036839
  0.768893  0.038686
  0.755526  0.040537
  0.741906  0.042390
  0.728046  0.044239
  0.713960  0.046082
  0.699661  0.047915
  0.685163  0.049733
  0.670481  0.051533
  0.655629  0.053310
  0.640621  0.055061
  0.625473  0.056782
  0.610200  0.058469
  0.594815  0.060117
  0.579336  0.061723
  0.563776  0.063283
  0.548152  0.064792
  0.532478  0.066248
  0.516771  0.067645
  0.501046  0.068979
  0.485317  0.070248
  0.469602  0.071446
  0.453916  0.072571
  0.438273  0.073618
  0.422691  0.074584
  0.407183  0.075466
  0.391767  0.076259
  0.376456  0.076962
  0.361267  0.077571
  0.346214  0.078082
  0.331312  0.078495
  0.316577  0.078805
  0.302023  0.079012
  0.287665  0.079113
  0.273516  0.079107
  0.259592  0.078992
  0.245905  0.078768
  0.232471  0.078434
  0.219301  0.077990
  0.206410  0.077435
  0.193810  0.076771
  0.181513  0.075997
  0.169533  0.075114
  0.157881  0.074125
  0.146568  0.073030
  0.135607  0.071831
  0.125007  0.070531
  0.114779  0.069132
  0.104934  0.067637
  0.094661  0.066001
  0.084060  0.063942
  0.074073  0.061466
  0.064712  0.058633
  0.055984  0.055502
  0.047895  0.052130
  0.040445  0.048568
  0.033633  0.044868
  0.027456  0.041075
  0.021908  0.037232
  0.016983  0.033378
  0.012674  0.029548
  0.008971  0.025773
  0.005866  0.022079
  0.003349  0.018492
  0.001410  0.015029
  0.000039  0.011706
 -0.000776  0.008536
 -0.001046  0.005526
 -0.000783  0.002680
  0.000000  0.000000
  0.001277 -0.002483
  0.003020 -0.004740
  0.005214 -0.006780
  0.007846 -0.008614
  0.010901 -0.010255
  0.014364 -0.011720
  0.018217 -0.013026
  0.022446 -0.014193
  0.027033 -0.015242
  0.031960 -0.016196
  0.037211 -0.017079
  0.042767 -0.017917
  0.048612 -0.018734
  0.054728 -0.019557
  0.061098 -0.020412
  0.067709 -0.021325
  0.074546 -0.022323
  0.081599 -0.023431
  0.088860 -0.024676
  0.096322 -0.026082
  0.104911 -0.027638
  0.114708 -0.029143
  0.124882 -0.030562
  0.135425 -0.031894
  0.146325 -0.033136
  0.157572 -0.034289
  0.169155 -0.035352
  0.181063 -0.036323
  0.193283 -0.037203
  0.205805 -0.037991
  0.218616 -0.038689
  0.231703 -0.039296
  0.245053 -0.039814
  0.258655 -0.040243
  0.272493 -0.040585
  0.286556 -0.040842
  0.300829 -0.041016
  0.315298 -0.041108
  0.329950 -0.041121
  0.344769 -0.041058
  0.359742 -0.040922
  0.374854 -0.040714
  0.390090 -0.040439
  0.405435 -0.040099
  0.420875 -0.039698
  0.436393 -0.039238
  0.451976 -0.038723
  0.467607 -0.038156
  0.483272 -0.037541
  0.498954 -0.036881
  0.514640 -0.036179
  0.530312 -0.035438
  0.545956 -0.034662
  0.561557 -0.033854
  0.577099 -0.033016
  0.592566 -0.032153
  0.607944 -0.031266
  0.623217 -0.030359
  0.638370 -0.029434
  0.653388 -0.028494
  0.668257 -0.027542
  0.682962 -0.026579
  0.697487 -0.025608
  0.711820 -0.024632
  0.725944 -0.023653
  0.739847 -0.022672
  0.753515 -0.021693
  0.766934 -0.020716
  0.780090 -0.019743
  0.792971 -0.018778
  0.805564 -0.017821
  0.817856 -0.016874
  0.829835 -0.015940
  0.841489 -0.015019
  0.852806 -0.014114
  0.863775 -0.013227
  0.874385 -0.012358
  0.884625 -0.011510
  0.894486 -0.010685
  0.903956 -0.009884
  0.913027 -0.009109
  0.921690 -0.008362
  0.929936 -0.007644
  0.937756 -0.006956
  0.945142 -0.006302
  0.952088 -0.005681
  0.958585 -0.005095
  0.964629 -0.004546
  0.970211 -0.004036
  0.975328 -0.003565
  0.979973 -0.003135
  0.984141 -0.002748
  0.987830 -0.002403
  0.991034 -0.002102
  0.993751 -0.001846
  0.995977 -0.001635
  0.997711 -0.001471
  0.998951 -0.001353
  0.999696 -0.001282
  0.999944 -0.001259