NACA 2512 Airfoil M=2.0% P=50.0% T=12.0%
  1.000100  0.001256
  0.998576  0.001595
  0.994011  0.002603
  0.986432  0.004262
  0.975880  0.006539
  0.962417  0.009389
  0.946119  0.012758
  0.927079  0.016583
  0.905407  0.020795
  0.881230  0.025319
  0.854689  0.030075
  0.825941  0.034985
  0.795156  0.039966
  0.762520  0.044937
  0.728228  0.049818
  0.692488  0.054530
  0.655520  0.058995
  0.617549  0.063139
  0.578810  0.066890
  0.539545  0.070178
  0.500000  0.072940
  0.460424  0.075116
  0.421068  0.076654
  0.382183  0.077509
  0.344019  0.077647
  0.306822  0.077043
  0.270833  0.075687
  0.236283  0.073580
  0.203396  0.070741
  0.172385  0.067198
  0.143449  0.062998
  0.116770  0.058197
  0.092517  0.052863
  0.070842  0.047069
  0.051876  0.040895
  0.035733  0.034423
  0.022507  0.027729
  0.012275  0.020884
  0.005092  0.013951
  0.000995  0.006978
  0.000000  0.000000
  0.002088 -0.006732
  0.007219 -0.012972
  0.015355 -0.018704
  0.026436 -0.023909
  0.040388 -0.028565
  0.057118 -0.032651
  0.076518 -0.036149
  0.098466 -0.039043
  0.122824 -0.041326
  0.149445 -0.042998
  0.178166 -0.044070
  0.208818 -0.044560
  0.241219 -0.044500
  0.275177 -0.043931
  0.310494 -0.042901
  0.346964 -0.041466
  0.384372 -0.039689
  0.422498 -0.037633
  0.461117 -0.035363
  0.500000 -0.032940
  0.538914 -0.030425
  0.577624 -0.027869
  0.615897 -0.025319
  0.653497 -0.022815
  0.690195 -0.020388
  0.725763 -0.018062
  0.759979 -0.015857
  0.792629 -0.013785
  0.823507 -0.011856
  0.852418 -0.010075
  0.879176 -0.008447
  0.903610 -0.006975
  0.925561 -0.005663
  0.944888 -0.004514
  0.961462 -0.003531
  0.975176 -0.002719
  0.985938 -0.002082
  0.993677 -0.001624
  0.998341 -0.001348
  0.999900 -0.001256