NACA 2912 Airfoil M=2.0% P=90.0% T=12.0%
  1.000000 -0.000000
  0.999767  0.000132
  0.999066  0.000526
  0.997898  0.001178
  0.996262  0.002080
  0.994157  0.003221
  0.991582  0.004588
  0.988535  0.006165
  0.985014  0.007932
  0.981017  0.009866
  0.976541  0.011943
  0.971584  0.014134
  0.966142  0.016409
  0.960212  0.018734
  0.953790  0.021073
  0.946873  0.023386
  0.939457  0.025633
  0.931539  0.027768
  0.923115  0.029746
  0.914184  0.031516
  0.904744  0.033028
  0.895074  0.034279
  0.885245  0.035518
  0.875035  0.036784
  0.864453  0.038075
  0.853509  0.039385
  0.842214  0.040713
  0.830580  0.042054
  0.818617  0.043406
  0.806338  0.044764
  0.793754  0.046126
  0.780878  0.047488
  0.767722  0.048847
  0.754300  0.050199
  0.740624  0.051541
  0.726708  0.052870
  0.712566  0.054182
  0.698211  0.055474
  0.683658  0.056742
  0.668921  0.057984
  0.654015  0.059195
  0.638955  0.060373
  0.623754  0.061513
  0.608429  0.062614
  0.592995  0.063670
  0.577467  0.064680
  0.561860  0.065638
  0.546189  0.066543
  0.530472  0.067391
  0.514722  0.068178
  0.498956  0.068901
  0.483190  0.069556
  0.467439  0.070142
  0.451719  0.070654
  0.436045  0.071089
  0.420434  0.071446
  0.404902  0.071720
  0.389463  0.071909
  0.374133  0.072010
  0.358927  0.072022
  0.343861  0.071942
  0.328950  0.071769
  0.314209  0.071500
  0.299653  0.071133
  0.285296  0.070669
  0.271153  0.070106
  0.257237  0.069443
  0.243564  0.068679
  0.230146  0.067816
  0.216997  0.066852
  0.204131  0.065789
  0.191560  0.064628
  0.179296  0.063369
  0.167352  0.062015
  0.155741  0.060566
  0.144473  0.059025
  0.133559  0.057395
  0.123011  0.055677
  0.112839  0.053875
  0.103054  0.051992
  0.093663  0.050031
  0.084678  0.047996
  0.076107  0.045890
  0.067958  0.043716
  0.060240  0.041480
  0.052959  0.039183
  0.046123  0.036831
  0.039738  0.034427
  0.033811  0.031975
  0.028348  0.029479
  0.023353  0.026942
  0.018832  0.024368
  0.014788  0.021760
  0.011226  0.019121
  0.008149  0.016455
  0.005560  0.013763
  0.003461  0.011048
  0.001855  0.008313
  0.000742  0.005559
  0.000123  0.002788
  0.000000  0.000000
  0.000370 -0.002766
  0.001231 -0.005471
  0.002583 -0.008116
  0.004424 -0.010699
  0.006751 -0.013218
  0.009563 -0.015671
  0.012857 -0.018058
  0.016628 -0.020376
  0.020874 -0.022623
  0.025590 -0.024796
  0.030771 -0.026895
  0.036412 -0.028915
  0.042507 -0.030855
  0.049050 -0.032713
  0.056035 -0.034486
  0.063454 -0.036171
  0.071300 -0.037767
  0.079565 -0.039270
  0.088241 -0.040680
  0.097320 -0.041994
  0.106791 -0.043210
  0.116647 -0.044326
  0.126878 -0.045342
  0.137472 -0.046256
  0.148421 -0.047067
  0.159712 -0.047774
  0.171336 -0.048378
  0.183280 -0.048878
  0.195533 -0.049274
  0.208084 -0.049567
  0.220919 -0.049757
  0.234027 -0.049846
  0.247395 -0.049835
  0.261009 -0.049725
  0.274857 -0.049519
  0.288925 -0.049219
  0.303199 -0.048827
  0.317666 -0.048345
  0.332312 -0.047778
  0.347122 -0.047127
  0.362082 -0.046395
  0.377178 -0.045587
  0.392394 -0.044706
  0.407717 -0.043756
  0.423131 -0.042739
  0.438621 -0.041660
  0.454173 -0.040523
  0.469771 -0.039332
  0.485400 -0.038090
  0.501044 -0.036802
  0.516689 -0.035471
  0.532319 -0.034100
  0.547919 -0.032695
  0.563474 -0.031258
  0.578968 -0.029793
  0.594386 -0.028304
  0.609714 -0.026793
  0.624936 -0.025266
  0.640036 -0.023724
  0.655002 -0.022171
  0.669817 -0.020611
  0.684466 -0.019045
  0.698937 -0.017478
  0.713213 -0.015911
  0.727282 -0.014348
  0.741130 -0.012792
  0.754741 -0.011244
  0.768104 -0.009709
  0.781205 -0.008187
  0.794031 -0.006682
  0.806569 -0.005196
  0.818807 -0.003732
  0.830732 -0.002292
  0.842333 -0.000877
  0.853598  0.000508
  0.864516  0.001863
  0.875076  0.003185
  0.885268  0.004471
  0.895081  0.005720
  0.904273  0.006891
  0.912897  0.007750
  0.921213  0.008289
  0.929203  0.008542
  0.936849  0.008545
  0.944133  0.008332
  0.951037  0.007939
  0.957543  0.007400
  0.963635  0.006749
  0.969297  0.006019
  0.974516  0.005239
  0.979277  0.004440
  0.983569  0.003648
  0.987382  0.002888
  0.990705  0.002183
  0.993531  0.001552
  0.995852  0.001012
  0.997664  0.000578
  0.998961  0.000259
  0.999740  0.000065
  1.000000  0.000000