NACA 2312 Airfoil M=2.0% P=30.0% T=12.0%
  1.000072  0.001258
  0.998543  0.001562
  0.993964  0.002467
  0.986363  0.003959
  0.975784  0.006009
  0.962289  0.008584
  0.945959  0.011639
  0.926889  0.015123
  0.905194  0.018982
  0.881003  0.023155
  0.854461  0.027580
  0.825728  0.032192
  0.794977  0.036927
  0.762394  0.041718
  0.728178  0.046500
  0.692538  0.051206
  0.655692  0.055771
  0.617866  0.060128
  0.579293  0.064211
  0.540212  0.067957
  0.500864  0.071301
  0.461495  0.074181
  0.422351  0.076540
  0.383676  0.078325
  0.345713  0.079490
  0.308701  0.079997
  0.272287  0.079682
  0.237143  0.078236
  0.203701  0.075705
  0.172193  0.072167
  0.142832  0.067720
  0.115817  0.062478
  0.091323  0.056566
  0.069506  0.050114
  0.050498  0.043255
  0.034408  0.036121
  0.021324  0.028831
  0.011310  0.021495
  0.004407  0.014202
  0.000637  0.007022
  0.000000  0.000000
  0.002446 -0.006612
  0.007904 -0.012577
  0.016320 -0.017896
  0.027619 -0.022572
  0.041712 -0.026615
  0.058496 -0.030043
  0.077854 -0.032878
  0.099660 -0.035154
  0.123777 -0.036911
  0.150061 -0.038200
  0.178359 -0.039081
  0.208514 -0.039623
  0.240359 -0.039904
  0.273723 -0.040006
  0.308616 -0.040003
  0.345270 -0.039659
  0.382879 -0.038891
  0.421215 -0.037751
  0.460046 -0.036291
  0.499136 -0.034566
  0.538247 -0.032629
  0.577141 -0.030530
  0.615579 -0.028316
  0.653325 -0.026030
  0.690145 -0.023708
  0.725812 -0.021384
  0.760105 -0.019086
  0.792809 -0.016840
  0.823720 -0.014669
  0.852646 -0.012594
  0.879403 -0.010635
  0.903823 -0.008813
  0.925751 -0.007146
  0.945048 -0.005653
  0.961590 -0.004352
  0.975273 -0.003261
  0.986007 -0.002395
  0.993724 -0.001767
  0.998375 -0.001386
  0.999928 -0.001258