NACA 2712 Airfoil M=2.0% P=70.0% T=12.0%
  1.000000 -0.000000
  0.999758  0.000068
  0.999032  0.000273
  0.997823  0.000614
  0.996132  0.001089
  0.993960  0.001696
  0.991308  0.002433
  0.988179  0.003296
  0.984575  0.004282
  0.980499  0.005387
  0.975954  0.006605
  0.970943  0.007933
  0.965472  0.009363
  0.959543  0.010891
  0.953162  0.012509
  0.946333  0.014212
  0.939063  0.015991
  0.931357  0.017840
  0.923222  0.019750
  0.914665  0.021714
  0.905692  0.023723
  0.896311  0.025770
  0.886530  0.027844
  0.876359  0.029939
  0.865804  0.032045
  0.854877  0.034154
  0.843586  0.036256
  0.831941  0.038342
  0.819954  0.040405
  0.807634  0.042434
  0.794994  0.044423
  0.782044  0.046361
  0.768797  0.048240
  0.755265  0.050053
  0.741461  0.051791
  0.727398  0.053446
  0.713090  0.055011
  0.698570  0.056478
  0.684013  0.057885
  0.669271  0.059261
  0.654357  0.060601
  0.639288  0.061902
  0.624077  0.063159
  0.608740  0.064370
  0.593292  0.065529
  0.577748  0.066634
  0.562123  0.067682
  0.546435  0.068668
  0.530697  0.069589
  0.514926  0.070441
  0.499137  0.071222
  0.483347  0.071927
  0.467571  0.072554
  0.451825  0.073100
  0.436125  0.073561
  0.420486  0.073934
  0.404925  0.074218
  0.389457  0.074408
  0.374098  0.074504
  0.358864  0.074503
  0.343769  0.074402
  0.328829  0.074201
  0.314059  0.073897
  0.299475  0.073490
  0.285090  0.072979
  0.270920  0.072363
  0.256979  0.071642
  0.243281  0.070815
  0.229840  0.069883
  0.216669  0.068848
  0.203782  0.067709
  0.191193  0.066468
  0.178912  0.065126
  0.166954  0.063687
  0.155329  0.062151
  0.144050  0.060522
  0.133128  0.058801
  0.122574  0.056993
  0.112398  0.055101
  0.102611  0.053128
  0.093222  0.051077
  0.084240  0.048954
  0.075674  0.046761
  0.067533  0.044503
  0.059825  0.042184
  0.052557  0.039808
  0.045736  0.037380
  0.039368  0.034904
  0.033460  0.032384
  0.028018  0.029824
  0.023046  0.027228
  0.018549  0.024600
  0.014532  0.021943
  0.010998  0.019260
  0.007951  0.016556
  0.005392  0.013832
  0.003325  0.011091
  0.001751  0.008336
  0.000672  0.005568
  0.000088  0.002789
  0.000000  0.000000
  0.000405 -0.002761
  0.001301 -0.005455
  0.002687 -0.008083
  0.004560 -0.010642
  0.006919 -0.013132
  0.009762 -0.015550
  0.013085 -0.017896
  0.016885 -0.020168
  0.021157 -0.022363
  0.025897 -0.024480
  0.031101 -0.026517
  0.036763 -0.028472
  0.042877 -0.030343
  0.049437 -0.032127
  0.056437 -0.033823
  0.063868 -0.035428
  0.071724 -0.036941
  0.079998 -0.038360
  0.088679 -0.039683
  0.097761 -0.040908
  0.107234 -0.042035
  0.117088 -0.043062
  0.127315 -0.043988
  0.137903 -0.044813
  0.148843 -0.045536
  0.160124 -0.046156
  0.171734 -0.046674
  0.183664 -0.047091
  0.195900 -0.047406
  0.208432 -0.047621
  0.221247 -0.047738
  0.234333 -0.047756
  0.247678 -0.047679
  0.261267 -0.047509
  0.275089 -0.047247
  0.289131 -0.046896
  0.303377 -0.046459
  0.317816 -0.045939
  0.332433 -0.045338
  0.347214 -0.044661
  0.362145 -0.043911
  0.377212 -0.043092
  0.392399 -0.042206
  0.407694 -0.041259
  0.423079 -0.040253
  0.438542 -0.039193
  0.454067 -0.038082
  0.469639 -0.036925
  0.485242 -0.035725
  0.500863 -0.034487
  0.516485 -0.033214
  0.532094 -0.031909
  0.547674 -0.030577
  0.563210 -0.029222
  0.578687 -0.027845
  0.594090 -0.026452
  0.609403 -0.025044
  0.624613 -0.023626
  0.639703 -0.022201
  0.654660 -0.020770
  0.669467 -0.019338
  0.684112 -0.017906
  0.698578 -0.016478
  0.712689 -0.015084
  0.726592 -0.013770
  0.740293 -0.012534
  0.753776 -0.011374
  0.767030 -0.010290
  0.780040 -0.009280
  0.792792 -0.008341
  0.805273 -0.007471
  0.817470 -0.006668
  0.829371 -0.005929
  0.840961 -0.005252
  0.852230 -0.004633
  0.863164 -0.004070
  0.873752 -0.003559
  0.883983 -0.003098
  0.893844 -0.002683
  0.903325 -0.002311
  0.912416 -0.001980
  0.921106 -0.001686
  0.929385 -0.001427
  0.937244 -0.001199
  0.944673 -0.000999
  0.951666 -0.000826
  0.958212 -0.000677
  0.964305 -0.000548
  0.969937 -0.000438
  0.975103 -0.000346
  0.979795 -0.000268
  0.984008 -0.000203
  0.987738 -0.000149
  0.990979 -0.000106
  0.993729 -0.000071
  0.995983 -0.000044
  0.997739 -0.000025
  0.998994 -0.000011
  0.999749 -0.000003
  1.000000  0.000000